0.0000 98.1287 87.1600 151.6816 148.1810 48.0347 169.7494 165.4067 65.6267 552.8361 80.8842 230.1820 108.1990 118.7217 153.2941 367.9344 134.3390 69.3673 54.5491 135.2001 41.5373 303.3121 101.6008 70.6226 203.4462 223.2984 208.4916 190.8847 221.7025 51.6896 39.5687 135.4855 145.7246 294.5354 113.7150 92.1468 98.3782 70.2308 192.5815 137.5319 95.0535 243.2855 187.5833 77.6980 128.2890 203.9662 325.1844 149.8484 55.1740 100.2742 91.0386 173.7803 270.3900 197.0294 114.7713 186.4238 61.2404 259.6682 82.0706 166.1010 175.1863 204.6216 217.9197 34.0190 303.2638 129.8541 164.8312 141.9978 184.5187 86.0076 106.7859 72.1084 161.7048 178.0624 67.2889 225.4892 72.2955 215.4789 108.0165 261.3431 388.0937 65.7274 73.9204 65.8716 209.3078 179.5758 441.1539 116.2845 90.4330 60.0760 188.8678 116.5020 101.2097 310.3700 112.7769 87.5215 141.8478 137.5940 42.8444 68.8261 93.6561 93.7143 109.9085 235.2143 74.0708 111.5166 250.4396 207.9172 244.4516 91.2432 162.1801 120.1752 81.2006 63.5307 88.7863 298.4776 126.3284 31.7328 140.5546 271.8210 107.6406 151.8933 133.7423 30.4648 174.7980 73.7113 70.7865 31.0164 105.7560 219.9252 131.6881 136.7602 105.9651 109.1041 170.0953 156.1127 160.5291
98.1287 0.0000 140.0124 156.3556 90.8960 78.3979 86.7341 104.7426 69.0064 560.6297 150.9747 244.6341 153.5859 72.6337 187.4838 381.7793 102.0342 77.9783 129.9660 89.8609 74.6339 320.1027 70.2279 139.1347 223.1051 239.1603 234.2068 99.3672 109.7189 59.5856 83.8526 90.9992 87.2333 306.3123 77.6853 61.1848 58.8149 129.8291 94.1846 172.6991 98.1900 180.3695 208.9503 52.0113 73.6743 200.3512 340.7545 136.3158 121.9101 70.1073 77.4664 193.6246 299.2305 218.9894 160.6088 74.7941 78.8322 279.6718 49.0400 188.4950 132.2928 120.0295 239.3842 105.7811 315.0195 98.9750 191.3167 73.0477 87.1422 60.3629 126.9977 138.6102 141.5839 129.3833 58.4948 176.7884 109.0523 94.8539 66.3996 173.5761 404.8694 148.3787 152.2915 66.7128 234.4822 201.8924 446.0837 71.1781 66.5778 114.6084 91.2743 159.0620 82.6502 324.4957 81.1985 97.4182 173.6011 74.3664 98.6918 97.4435 151.9443 77.7648 73.5512 126.7409 151.6879 160.0311 138.1676 92.6283 123.1023 95.3787 192.8530 84.4529 151.2579 68.2009 143.2154 319.9727 162.2948 91.5415 174.0049 118.1432 147.4556 77.7546 162.6814 108.5374 85.2984 64.3635 105.0633 102.6931 159.0696 239.6354 78.1658 168.2566 70.9026 77.4235 86.7909 106.1810 186.9584
87.1600 140.0124 0.0000 134.8820 188.5898 87.3607 190.5289 195.7104 106.6835 536.5943 165.8529 245.4971 164.6949 164.5923 168.0094 372.9665 152.3088 99.8766 165.9741 165.1398 90.1727 310.4352 121.8973 170.7964 209.6268 256.5175 257.9705 239.2018 269.5897 101.1305 96.9227 150.7431 183.8390 298.4215 141.4426 119.8211 140.6974 123.4703 225.0536 151.7084 124.7505 256.2810 211.1701 119.8416 167.9583 222.9296 343.9524 148.6353 108.9898 129.0104 126.0333 193.1816 336.6948 222.5968 166.5985 196.4046 101.9887 268.2586 116.7966 189.0516 204.7232 240.1372 244.1068 83.5207 318.3392 162.6302 189.2778 188.4348 230.7137 123.3084 117.0233 180.8888 193.6203 214.2207 114.7481 241.8896 90.3190 267.2154 142.3645 302.1811 397.4440 200.2505 97.0236 105.2343 244.3636 180.1681 371.3326 160.5787 125.7579 87.9571 215.9789 166.3304 131.8775 269.4233 153.2200 108.2675 162.1920 179.1228 94.0489 107.1871 159.4465 135.3879 148.3517 278.9024 203.1662 192.9266 293.6225 213.3193 284.8079 128.5474 178.2582 154.1857 197.1155 102.6936 164.5179 336.8946 152.1100 87.0888 172.7086 309.6684 162.8790 191.7829 163.1235 87.7558 191.9030 107.8634 102.1953 86.6697 133.0523 248.9134 166.8060 156.3465 150.7268 162.4834 212.6524 183.3148 186.3102
151.6816 156.3556 134.8820 0.0000 192.7761 137.4719 204.6766 207.6499 150.5776 542.0907 142.0297 246.0726 172.9672 175.0729 175.6282 369.7071 175.7227 64.9819 156.3965 182.0573 127.2980 302.6856 147.8831 194.0273 119.4646 253.9550 259.2017 244.3635 274.6784 133.7879 131.4460 162.5653 187.2135 259.4668 156.1614 144.0684 174.6119 136.0500 224.6968 132.1323 151.4500 243.6446 215.9576 156.5710 176.3862 224.4084 344.5108 86.5356 114.4502 152.6099 151.4347 142.0987 336.9859 183.3220 170.0685 209.6271 135.5080 273.4778 147.1736 160.9734 226.2442 245.0529 226.8330 144.1169 305.9832 174.4202 120.8750 205.6279 240.0217 140.4607 131.5094 189.4067 212.7589 233.0587 137.9544 225.5978 133.4304 272.4756 160.4280 281.7273 409.3547 206.9624 155.7724 110.7466 243.1589 169.0610 390.0227 182.5750 146.3751 122.1526 222.0499 149.9538 154.8205 314.4321 189.0878 141.7693 154.9706 186.1619 126.9419 152.0819 156.1031 163.9032 146.1756 281.5383 222.9084 170.3755 283.2886 201.1144 278.4166 146.1226 138.0302 176.8123 207.5732 133.3029 153.2928 298.2633 165.9424 130.9442 182.7261 302.9065 159.5059 200.9165 174.2622 127.4831 179.2896 120.0231 133.8976 142.1479 141.4827 244.4937 187.8399 168.0796 170.7296 196.9828 225.6789 195.8571 182.1526
148.1810 90.8960 188.5898 192.7761 0.0000 117.1812 89.8541 98.1364 119.1807 565.3813 261.8921 300.9496 240.4348 93.6594 260.6213 411.7117 112.6507 117.2350 229.4213 95.6705 126.5785 349.5781 111.5594 224.9108 277.0743 301.7070 295.5788 105.5486 111.3565 99.3094 141.9174 112.3585 85.9021 333.2760 97.1497 113.0126 81.3567 224.8931 93.7720 250.1466 127.3057 149.0439 278.5696 88.6791 88.1938 211.6719 377.8094 157.6689 210.6696 86.3974 85.7780 265.9590 342.3693 285.8862 246.5630 92.6554 114.4462 324.9418 89.8821 265.7969 117.5809 112.5832 287.8880 167.9200 358.0748 97.7625 259.7528 92.6851 97.8006 89.4647 188.6972 231.4205 144.2795 133.1795 95.4293 188.3585 120.2532 105.8910 94.3890 138.3695 432.8903 238.2432 177.6961 112.9818 292.4200 267.8438 468.5205 91.1640 93.2208 184.0427 96.2201 244.5005 102.3090 357.6292 85.9531 121.6607 251.6904 89.5925 146.1975 95.5004 231.7893 97.0843 84.7816 123.0783 231.0771 243.0388 122.3165 116.6984 126.8356 117.4928 285.4655 93.7583 221.8345 89.7293 235.0312 362.7894 240.3937 157.1923 254.1439 122.1745 236.2937 104.0743 243.2145 183.1410 93.7486 103.3154 163.1459 175.4978 247.5380 298.0704 91.3980 242.4052 93.8949 93.0915 95.1241 86.9464 257.9384
48.0347 78.3979 87.3607 137.4719 117.1812 0.0000 143.7421 125.3378 64.2038 534.8975 104.4742 232.8813 123.1750 78.0529 154.5283 358.1220 114.4406 68.4817 89.9880 112.7498 51.5528 295.4672 92.6764 99.9199 205.2666 233.0910 212.6520 108.7077 130.2869 54.2700 53.4019 121.4701 113.7604 288.3525 94.7306 89.0129 75.0397 82.1469 133.8011 142.9958 72.9950 196.2548 189.0636 58.7422 98.5579 154.4052 319.9810 140.5661 65.3293 83.5596 79.1135 170.9304 280.5809 196.8134 122.3730 164.4007 61.7005 254.9733 74.5021 163.6781 116.6971 145.1813 217.8355 55.9751 301.9411 87.1839 166.2320 86.7570 109.5368 70.4730 82.8582 104.9505 113.0570 98.1663 53.8044 182.0352 81.7561 106.5295 70.8869 211.0729 382.0851 110.3886 78.6255 73.4134 211.5680 177.3542 435.0796 82.0174 57.3009 65.7992 149.9218 122.5838 76.9507 304.2044 67.4259 73.6687 142.1460 86.7055 62.3373 70.2245 94.6008 70.0781 78.2576 147.3198 113.5694 132.2291 179.0768 183.1597 157.4210 74.8638 155.9685 87.3204 106.5989 65.7870 107.5707 302.5859 133.1872 47.8389 151.3230 192.3023 121.2005 109.3324 137.2107 52.4127 140.8566 61.3974 68.3304 45.6139 107.4031 219.4372 93.1149 140.1683 64.8834 74.3826 92.8771 136.1876 164.0138
169.7494 86.7341 190.5289 204.6766 89.8541 143.7421 0.0000 100.2596 122.3094 568.7947 248.3960 291.6680 229.1756 97.3529 248.0832 406.8001 107.9545 145.7112 218.0714 107.9521 128.4375 348.8072 88.9102 215.4140 282.2184 301.9182 287.1795 131.2546 118.5209 92.9845 134.8849 96.3380 88.1381 341.7235 84.0039 85.6151 75.9379 211.6096 93.3360 239.5241 135.2749 174.8400 269.4102 79.0684 95.0539 195.1433 372.5927 155.2683 198.1601 77.2461 82.7516 259.9903 335.3879 277.7730 236.5880 81.4435 138.8156 318.6641 81.4181 257.5344 136.2900 124.6227 288.4006 172.3613 354.7078 100.1157 257.2900 108.4633 101.0463 100.3254 186.9572 220.8353 147.4359 154.8738 116.6563 193.3960 129.2467 126.9238 96.8473 166.9556 427.5154 227.8527 183.0196 119.0719 287.9906 257.5731 467.1473 104.6901 109.2835 185.6530 96.5332 233.0165 101.5087 353.8236 99.0001 152.3207 238.5316 103.6590 156.3825 112.9606 225.5993 99.8422 92.9803 135.6075 220.7601 236.0489 138.6985 100.0549 156.2204 141.3595 277.1193 113.9773 216.5644 83.0288 223.5141 356.4619 229.7130 166.9689 244.3776 138.1585 225.2151 97.2629 232.2377 178.2104 88.0286 122.8746 135.6064 177.7242 236.8948 290.2118 86.4036 230.2790 121.1639 112.4677 119.7646 94.2586 247.5947
165.4067 104.7426 195.7104 207.6499 98.1364 125.3378 100.2596 0.0000 133.2837 586.5268 284.3821 312.1336 260.5324 111.2222 267.2044 424.2872 113.6656 128.0676 259.0398 98.2460 137.7353 366.4253 132.5816 252.5931 310.7096 330.7394 320.3356 109.0792 105.5671 92.9242 161.1121 115.6705 92.2738 373.1529 90.3661 120.9184 96.8561 238.7262 89.3429 260.5376 117.4229 152.2454 298.3079 102.9534 91.4784 180.0146 397.8433 172.4284 222.7910 81.4739 82.7518 288.1724 372.6103 304.9864 267.2050 85.7220 132.1604 334.4418 103.0878 279.1510 126.6833 109.0408 318.7065 176.0413 377.4533 96.5540 289.8312 92.0904 103.5999 89.6592 191.5670 261.8727 135.2259 136.6643 104.1698 181.4559 133.9885 112.4407 89.0595 137.3761 450.8686 274.2367 176.5255 136.9013 315.7813 272.2763 482.2192 97.9011 100.3829 187.8624 111.1223 264.6202 116.1282 367.7835 91.1512 129.0995 252.0185 91.4027 167.4439 96.3839 256.5075 109.5779 87.5391 121.6382 268.1217 276.3224 129.2919 122.4616 129.0426 120.8123 301.2000 87.9371 260.4031 84.5859 258.7241 389.8745 253.2206 170.6919 274.8690 144.7947 257.6345 122.6201 256.4020 193.7739 89.0579 106.9503 159.7242 183.5584 251.7523 320.2734 95.0400 249.5756 107.0009 109.8012 103.9512 84.4198 272.0147
65.6267 69.0064 106.6835 150.5776 119.1807 64.2038 122.3094 133.2837 0.0000 530.3216 97.9681 225.3106 115.6358 82.6002 159.1286 356.7642 109.0928 73.6339 76.7017 113.2795 43.7348 298.0707 70.8105 92.6380 221.4052 227.1382 208.0219 120.4461 140.0126 60.4753 46.7142 109.4729 111.6966 297.3247 86.8472 69.3920 72.1476 84.6702 126.8171 147.6300 103.2107 197.5219 187.1119 55.0755 100.2014 218.1560 316.7911 148.8585 69.3699 78.9196 84.4088 177.8176 272.7431 202.3626 128.9896 122.4889 66.8626 256.8783 67.8508 151.0038 126.6184 147.1946 218.4765 63.9191 300.2607 97.9654 179.5929 89.0092 119.4903 74.4167 72.4047 89.3746 142.7042 119.4464 59.3623 191.3363 85.0659 115.4280 79.0034 211.0709 376.0664 91.4454 97.0077 66.0284 209.6651 182.7520 431.1139 87.4170 73.8613 76.9627 133.5156 125.9067 82.5183 304.9897 83.5172 86.6651 144.3988 93.9805 58.5676 70.8155 113.1708 73.4331 81.2816 156.4112 95.1403 123.3713 191.8232 139.6616 165.8754 98.8405 165.8885 97.1641 93.3226 67.2134 99.9831 296.9043 129.5195 58.5896 144.2540 188.5730 109.9230 98.3754 132.5339 57.5596 129.8334 68.7565 84.4310 59.9922 109.3409 214.9662 89.8703 137.8245 66.2493 75.4143 101.6895 123.7497 161.5851
552.8361 560.6297 536.5943 542.0907 565.3813 534.8975 568.7947 586.5268 530.3216 0.0000 247.5294 612.1270 535.1909 562.1723 159.1691 146.4948 560.8840 533.6610 463.1607 561.9440 535.0673 148.7874 541.2635 539.4471 531.6476 558.3715 492.4512 608.1073 632.4687 539.5797 540.7904 557.8448 570.9973 160.3850 549.2982 546.8399 568.7395 440.2625 588.7832 487.8982 560.8857 622.6643 549.7147 548.6537 572.7561 702.6606 147.3034 534.5876 529.2435 549.1909 547.0144 545.9053 597.6208 149.1096 472.0214 568.9078 545.3182 164.6918 553.5480 533.9215 581.8829 617.0664 204.6314 553.2816 581.3216 585.9609 508.1459 591.1658 604.6387 554.7966 541.6198 436.3569 618.0417 599.1105 541.3043 613.6322 563.0441 634.3689 553.9055 624.4976 182.1974 530.2487 581.3833 539.8904 160.7140 184.9758 638.1660 565.6663 538.8378 541.6864 598.1790 209.1910 569.1722 517.0030 562.1411 553.2191 529.6929 571.0167 546.5806 569.0987 243.8211 563.8931 547.1992 638.9130 536.1079 323.9761 640.7505 511.9898 633.4516 537.9076 275.3473 563.4725 492.5142 565.3683 422.2872 457.9303 543.8506 536.1859 541.8998 648.6296 538.8435 570.5108 542.8460 523.2864 572.1507 540.9000 549.6228 536.2897 502.8184 369.9445 574.0019 542.4108 578.8901 585.6539 598.4421 563.0047 542.7621
80.8842 150.9747 165.8529 142.0297 261.8921 104.4742 248.3960 284.3821 97.9681 247.5294 0.0000 254.3336 104.3591 214.6500 90.5056 180.7163 203.6099 90.1466 45.5042 227.5826 85.6531 138.6655 134.8944 90.9383 147.3249 192.9867 185.8108 349.6990 406.1970 99.0894 83.5302 192.7910 246.2988 135.5250 181.7897 119.6849 168.1803 43.4673 304.7428 105.4667 237.2799 382.8665 178.9496 133.6243 231.6798 554.2386 148.4923 124.1477 77.9790 168.8505 155.7052 147.4044 283.7207 107.7786 129.2019 222.0841 124.3954 101.4577 128.7044 115.7581 342.3654 356.4761 79.9845 130.0385 271.1531 277.5780 110.2572 262.1337 338.6935 161.7741 151.3165 44.1415 379.4025 325.6229 129.2545 363.2616 197.9411 399.9729 204.7687 396.0937 183.5561 83.1160 227.8896 103.0077 87.4789 130.7339 434.8256 220.5947 163.6786 137.8022 284.3230 85.6064 186.5369 318.4135 218.4945 170.6836 142.3369 253.3920 145.1840 177.6805 118.0446 205.3623 196.2579 411.1273 87.6732 68.3037 424.8474 243.2940 409.3444 208.3785 101.7071 219.1036 103.8245 132.4966 53.1683 201.3096 141.0515 80.2529 153.9786 436.5945 120.5897 239.4426 146.3850 99.6480 239.3746 126.8830 189.7498 91.4085 106.3832 202.1365 232.3198 152.9678 202.8304 203.1175 313.3802 213.6410 163.4987
230.1820 244.6341 245.4971 246.0726 300.9496 232.8813 291.6680 312.1336 225.3106 612.1270 254.3336 0.0000 160.8932 271.9122 263.1010 429.0536 255.7119 226.8268 233.7791 272.1674 223.5602 369.3273 231.5881 244.9178 125.2076 277.3430 292.5317 386.0891 435.4543 230.1390 230.5969 250.4071 290.7667 331.3684 247.7990 234.8246 250.8676 220.5622 341.9079 224.1203 273.6783 385.2427 161.7798 237.4776 278.1094 460.6010 398.1340 219.2897 223.3887 248.1357 237.8106 104.6683 352.9838 277.1490 260.1329 278.3033 234.9588 331.1463 237.6383 220.4543 355.4153 375.0165 282.0219 237.7249 312.0084 295.3188 223.1199 304.4978 371.0888 242.9058 239.7324 237.9731 361.4610 362.4867 236.6012 358.1889 250.8260 424.6128 260.6378 419.9178 461.3663 250.1847 271.0289 222.8117 293.0360 251.7577 209.7465 275.4275 245.1295 236.2960 328.0685 242.6899 249.6272 149.6042 269.8805 253.0596 143.8905 302.3403 237.5767 247.1694 247.9794 263.2369 261.3253 439.1638 247.3022 223.8393 441.8963 290.6063 434.5064 262.2516 259.8102 269.4775 243.0057 232.1973 238.8970 337.6529 78.6211 230.4237 98.6397 459.0419 90.7090 291.9576 91.7842 227.7650 291.1074 235.9531 248.2243 229.8216 235.0453 234.1558 281.2651 82.9656 265.5308 267.4754 344.1243 270.8983 95.8984
108.1990 153.5859 164.6949 172.9672 240.4348 123.1750 229.1756 260.5324 115.6358 535.1909 104.3591 160.8932 0.0000 204.5805 155.4255 350.3370 194.2994 113.2836 93.0833 212.0780 111.9407 298.1857 140.9137 119.1359 160.3129 176.0813 198.7006 315.2492 359.5979 119.3911 112.0907 179.4144 227.5912 267.9561 174.7543 134.2573 167.8124 85.1151 277.2510 116.1199 211.3036 344.9815 132.2916 143.6603 214.8716 482.9624 316.4595 126.5041 99.9737 169.7261 158.7215 128.9263 279.1377 170.2749 149.6050 209.2841 139.2707 246.0870 139.1158 135.7545 309.3239 322.2611 204.2756 140.3290 227.8461 258.1207 129.1175 243.6188 305.4812 160.7997 146.4327 90.4563 334.9778 294.7496 139.7962 332.0759 196.5035 359.7434 194.2641 346.4914 385.1615 116.3309 221.3964 110.1990 199.9650 137.6054 225.2057 208.9795 163.8502 144.7934 257.9004 109.1383 180.5183 140.0018 205.3702 172.2307 114.3244 232.9965 154.4226 180.4926 136.9336 200.2741 187.4187 363.9697 119.4553 112.1440 376.3247 224.9664 362.3599 193.1584 142.7800 205.5179 124.1649 143.6034 93.6458 217.5680 93.6841 110.1594 77.8433 384.4421 78.9947 225.2110 87.6024 117.0772 221.2847 138.3868 176.3340 110.6730 90.5589 150.8085 213.6990 85.8347 197.0697 195.4130 287.9936 199.7155 89.1433
118.7217 72.6337 164.5923 175.0729 93.6594 78.0529 97.3529 111.2222 82.6002 562.1723 214.6500 271.9122 204.5805 0.0000 231.6228 396.0490 101.0466 79.8160 186.9634 98.4951 107.2462 335.9223 93.4314 184.5658 246.6768 267.9921 263.6534 97.0726 114.9721 60.6538 115.8544 115.9905 89.1611 318.9327 94.1991 83.4307 64.5317 188.6676 99.8071 217.6473 112.5419 176.2704 246.2973 54.8042 82.1965 232.6764 360.6770 128.5954 178.0842 69.3937 75.9451 231.9355 314.0658 253.2079 210.4921 99.1857 70.8034 305.8030 68.0818 232.6259 118.1594 119.8763 268.5793 134.1824 329.9926 84.4082 224.4351 79.5026 91.5054 72.8578 152.2735 190.5447 148.9280 126.2332 53.1570 181.4864 92.6462 92.3288 79.1358 181.6896 415.5242 194.9041 144.1554 74.9387 267.7868 229.6416 460.0610 69.2074 71.3860 149.2255 111.3822 208.1259 75.8789 344.6118 71.0215 89.9553 220.9896 77.8242 113.3789 68.8742 197.3236 65.9421 72.5170 128.8261 191.3352 205.4171 156.3400 118.9298 138.9493 98.3899 241.8211 79.9302 186.9100 73.1409 196.6835 337.0635 208.8045 128.2312 222.0417 149.5389 201.7822 82.0595 213.7029 140.3361 95.0425 69.0385 150.0047 139.5146 201.8583 267.8701 83.7559 216.5186 63.5301 60.9218 77.8636 105.5104 230.4187
153.2941 187.4838 168.0094 175.6282 260.6213 154.5283 248.0832 267.2044 159.1286 159.1691 90.5056 263.1010 155.4255 231.6228 0.0000 111.3149 208.8901 151.7264 132.0653 230.6218 151.8557 109.1835 173.8492 159.6460 193.2701 216.7613 210.8652 334.9323 377.9433 159.2774 153.4255 199.0103 250.7077 130.2841 195.6342 169.9223 200.1661 125.5140 297.6422 147.4484 224.1046 334.1141 202.2884 177.7710 237.2533 428.2458 101.2983 171.8782 148.5624 189.7301 180.4841 191.5181 299.7542 89.6520 160.1901 234.6807 162.6349 88.6719 175.2093 182.4481 304.1694 329.4696 95.7135 160.5944 262.2379 247.5804 165.0819 266.9221 325.3926 188.6967 171.1092 133.0304 322.2262 312.9783 174.3535 316.7763 180.3796 376.8565 213.2884 367.5371 132.2966 161.3899 183.9921 154.7926 88.2552 100.0145 366.8216 234.9504 189.4972 159.0185 280.6013 81.1138 198.1791 275.9470 230.4093 180.6553 176.9485 255.2176 163.0563 180.0442 113.9345 209.6438 213.8425 380.9529 163.9738 117.6959 392.1799 244.0667 380.9584 211.2312 121.9614 227.2424 158.1088 169.0091 127.4592 241.1019 181.0921 148.5831 182.7278 403.6354 173.8480 250.9121 184.4917 153.3545 244.1881 167.2044 191.7232 151.7929 141.7282 199.8957 238.5975 184.2407 220.3840 225.2488 304.8631 227.4048 193.1976
367.9344 381.7793 372.9665 369.7071 411.7117 358.1220 406.8001 424.2872 356.7642 146.4948 180.7163 429.0536 350.3370 396.0490 111.3149 0.0000 388.5773 359.3656 315.2256 397.3847 358.2732 128.6062 366.6114 358.6038 365.7328 384.9688 353.4230 460.7912 492.8402 361.4661 361.4220 384.7002 407.6732 152.2686 380.5517 369.0918 388.8989 306.6029 436.1076 338.1212 394.2152 470.9202 374.6343 371.6151 403.5126 551.8055 108.2787 362.9430 352.2674 377.0791 373.7517 372.3755 436.0682 114.2874 310.6705 400.9146 367.2753 116.3223 374.4093 362.1852 445.0987 463.2824 154.4769 372.0212 413.1874 418.8903 349.3725 422.0556 454.7885 379.5617 367.4626 300.1996 463.3117 444.8477 367.0157 457.7703 384.3455 492.6113 387.6606 484.1110 134.1611 347.8832 401.9085 361.4440 111.7635 131.6801 445.3537 399.2111 369.2646 364.6607 427.9982 141.9727 391.1930 385.4439 395.4404 379.2969 358.4912 409.7465 367.9220 387.6892 178.4650 392.3807 385.7660 495.9481 356.5065 227.7289 504.8850 379.3886 496.7888 373.9088 203.7457 396.2743 331.3299 381.0924 293.1120 354.1156 367.6120 357.7450 356.5795 511.9481 362.0219 407.1595 364.2553 351.3866 406.9307 366.2366 378.4166 357.9066 339.7297 292.0906 404.5778 364.5814 401.3894 404.5064 443.4509 395.6670 367.7263
134.3390 102.0342 152.3088 175.7227 112.6507 114.4406 107.9545 113.6656 109.0928 560.8840 203.6099 255.7119 194.2994 101.0466 208.8901 388.5773 0.0000 117.4667 179.5734 103.9962 107.1913 330.7992 108.2682 182.2363 255.1274 262.9510 260.3176 118.8592 121.4740 100.3439 122.7235 114.7072 104.8248 323.5623 102.1914 110.2129 97.5228 168.8203 116.4934 199.2860 115.7739 130.1989 237.8295 95.6952 96.6039 183.1066 357.2416 155.1783 156.5525 100.2253 94.6821 227.4093 319.5614 248.6576 201.5042 106.2531 116.2440 292.2361 92.8148 224.3824 126.3356 107.8323 264.3803 133.2039 327.0848 104.9599 226.7356 104.7328 112.9507 90.7147 161.7006 186.4925 133.2640 145.0582 97.1642 175.6609 119.6192 120.5827 98.4308 155.4685 414.7183 197.8219 142.8870 102.3735 260.8463 219.3036 403.3443 102.8330 102.7873 147.6351 115.2743 197.8245 101.2274 319.0201 97.2273 123.8605 202.7627 104.9590 133.0036 101.4872 194.1841 103.3651 91.3487 135.2718 193.5984 204.7503 146.9343 126.0074 138.6679 122.5683 232.4667 103.7498 191.9990 91.3423 186.3246 337.5530 179.9671 134.1214 204.8509 152.8607 193.3235 118.9272 197.4209 146.0749 102.1255 100.7415 123.0812 143.6105 194.0595 265.0001 102.4732 193.3739 98.2932 107.6214 108.9086 100.8342 213.2435
69.3673 77.9783 99.8766 64.9819 117.2350 68.4817 145.7112 128.0676 73.6339 533.6610 90.1466 226.8268 113.2836 79.8160 151.7264 359.3656 117.4667 0.0000 77.0736 116.1495 58.1889 290.8549 89.7138 102.4545 96.0431 202.5891 209.8191 110.2107 132.3070 55.3486 59.6912 117.2157 109.8251 240.5475 98.0355 84.5462 78.4151 78.5367 137.8854 112.7840 126.0299 199.6321 166.8914 70.3289 99.1011 279.6695 320.7060 70.7246 66.8808 89.3456 88.0107 121.9369 280.0108 167.2782 125.9654 154.6497 62.3303 255.6184 73.5437 143.8096 134.0365 146.4322 203.4438 68.2855 267.7107 91.8462 83.7276 82.0758 109.6695 69.6756 102.1434 99.1786 178.3298 132.4954 58.4997 163.2412 82.5257 105.8938 79.4920 211.6110 385.1659 106.3742 88.4061 67.4552 209.2513 147.4824 375.4944 80.4687 75.2874 69.9521 147.5420 115.7227 97.0111 299.0053 87.2521 77.5391 138.8102 89.0871 65.1756 73.4408 120.0393 76.8229 74.4789 148.8691 114.9526 121.3741 186.4318 169.5169 158.2266 107.1998 123.5708 85.0783 117.5901 69.3305 97.6421 275.8374 125.9697 56.5155 149.9472 196.1196 112.3010 111.1040 134.8172 65.4655 139.6103 59.9320 107.3350 69.4322 112.8119 216.9742 100.1707 138.9483 67.0835 81.1806 93.4432 136.2305 156.2463
54.5491 129.9660 165.9741 156.3965 229.4213 89.9880 218.0714 259.0398 76.7017 463.1607 45.5042 233.7791 93.0833 186.9634 132.0653 315.2256 179.5734 77.0736 0.0000 199.5124 64.7322 251.3485 109.5360 65.6208 187.2091 181.5242 173.4305 307.6657 355.5911 79.4882 59.2141 174.0951 216.9524 241.0840 164.8709 97.6495 142.4008 40.2413 267.9811 124.3949 203.1481 342.1182 166.2202 111.8633 202.2741 490.7911 274.5945 133.1172 58.3194 150.4068 139.5051 156.8235 262.3531 160.9530 114.5493 192.2994 113.7371 209.2004 105.4336 142.3435 313.5016 320.9509 165.1521 122.1840 247.2024 261.6912 140.9306 231.2598 298.4908 138.0976 143.2096 38.3644 336.6361 286.8700 106.6393 340.7987 201.5408 354.9260 183.0301 344.1784 329.2503 56.9793 239.1922 82.3500 163.3272 151.2970 413.5975 191.3765 142.5404 138.2043 245.9434 95.6231 168.4154 310.2019 191.0507 170.6583 127.7974 219.8316 139.5028 176.3613 102.5949 191.3131 169.9542 361.5794 66.2543 64.8640 375.6650 214.0425 363.1625 180.2429 124.7103 191.0841 79.1550 121.8473 48.4385 199.9455 122.3029 58.8373 138.7323 383.7256 102.9510 208.8502 128.9656 84.6873 208.6461 113.7278 168.2350 76.9489 111.9528 198.5185 203.5644 139.0025 178.6463 176.5604 279.7064 180.7563 153.8738
135.2001 89.8609 165.1398 182.0573 95.6705 112.7498 107.9521 98.2460 113.2795 561.9440 227.5826 272.1674 212.0780 98.4951 230.6218 397.3847 103.9962 116.1495 199.5124 0.0000 104.1062 340.5236 109.9577 198.4432 265.6509 290.4662 273.7837 107.2279 113.8062 100.3099 121.7407 110.1501 103.1763 335.3808 97.1792 108.3277 88.8640 190.4898 109.4735 218.2486 119.7365 142.6365 255.0216 87.9254 83.1907 190.3520 364.1003 157.8902 175.7586 92.8226 83.4181 242.6634 329.0281 263.8402 218.6224 108.8294 113.6414 306.1432 94.2269 236.6359 118.6090 106.7581 278.2251 149.8189 344.3900 90.6961 240.2221 100.9021 100.2922 77.1207 157.9485 204.1754 135.2644 134.7837 91.9253 166.5000 116.4429 104.0284 85.9636 133.4798 419.4379 212.8548 154.7280 107.3343 273.9333 243.9966 458.2709 91.0867 89.6911 162.7093 101.6330 213.9289 93.8998 339.4156 92.4923 120.7290 221.3859 85.1847 130.1170 98.0798 203.4301 95.8737 83.4001 123.7401 207.5379 220.2629 136.3831 110.6640 124.5107 123.5395 255.5577 94.5123 202.5830 84.0207 205.3981 347.7774 207.9200 138.1108 227.8735 141.9456 206.4575 108.5769 213.6353 159.8009 92.6667 94.2579 137.0360 156.6085 216.2059 275.8053 97.4633 214.1687 94.4344 94.2384 97.6793 87.2804 232.7301
41.5373 74.6339 90.1727 127.2980 126.5785 51.5528 128.4375 137.7353 43.7348 535.0673 85.6531 223.5602 111.9407 107.2462 151.8557 358.2732 107.1913 58.1889 64.7322 104.1062 0.0000 294.6023 72.6336 80.6908 191.0196 230.7600 202.8200 172.2673 191.5534 46.5924 21.7575 101.9793 123.4908 281.6656 83.9435 68.3525 80.1849 72.0672 162.7396 134.9108 87.9646 210.7189 182.6595 62.4541 102.8237 208.9100 317.1836 128.4791 59.0552 79.4065 75.1732 160.7793 268.4120 191.7286 120.5708 138.7019 55.2137 252.9594 65.9865 159.6808 151.3648 179.5264 214.2396 38.9323 296.5782 107.1275 155.0099 126.2595 162.1120 67.2847 92.2313 81.2553 150.6746 169.8033 53.8380 215.4748 70.1991 194.2476 88.8252 215.1181 378.7398 78.9863 74.5788 61.3043 206.1259 175.1968 430.6778 106.3532 75.6051 59.1865 150.1680 116.7428 76.5581 304.1863 99.1376 81.9004 137.7856 115.0348 41.8016 59.8945 112.9203 85.6952 92.7313 199.5132 83.3886 116.9038 217.9177 155.2124 207.8017 91.5473 149.9952 101.5682 93.0900 45.7384 91.5364 293.5349 124.6596 33.6044 142.7968 226.5820 106.1057 130.6367 127.6738 36.6469 137.0000 61.0532 67.3756 36.9198 103.7384 212.6019 112.2881 132.7755 94.0144 98.2778 153.9957 121.4534 156.4700
303.3121 320.1027 310.4352 302.6856 349.5781 295.4672 348.8072 366.4253 298.0707 148.7874 138.6655 369.3273 298.1857 335.9223 109.1835 128.6062 330.7992 290.8549 251.3485 340.5236 294.6023 0.0000 305.9297 294.8957 298.6996 337.9340 283.4687 415.8126 451.8166 299.2184 297.2345 325.6221 352.9431 122.6314 321.1980 306.8218 323.3507 225.8126 383.5298 255.2610 341.1615 430.8931 315.8810 311.2347 345.9997 527.3692 110.2820 297.0958 289.1188 315.1923 311.0728 309.3588 383.9493 110.3828 264.7609 344.3514 302.2362 123.0914 312.2332 301.0428 393.6766 415.5891 133.8979 304.3954 376.1129 354.1696 281.6834 366.6075 409.0420 318.8653 307.4673 216.4557 419.1853 398.0756 305.9083 417.6831 310.8592 450.9294 330.7383 442.1921 140.2129 283.1164 320.6739 292.5392 114.4889 135.5701 480.4145 342.8296 313.0099 299.9446 373.6868 110.3984 328.0375 381.5337 339.3555 312.5696 303.1619 356.6271 300.3738 316.6997 153.8895 329.7256 306.9136 454.2874 292.2348 180.4483 464.1846 320.9652 454.5048 315.6102 162.7895 339.2812 269.0203 314.1895 221.4266 294.1627 313.2407 294.1991 318.8569 473.1216 297.7054 353.1780 313.5463 279.1022 346.0174 304.8882 321.9269 295.6475 274.2640 262.1364 348.8986 304.4580 340.8177 335.5036 392.9275 331.0512 311.0309
101.6008 70.2279 121.8973 147.8831 111.5594 92.6764 88.9102 132.5816 70.8105 541.2635 134.8944 231.5881 140.9137 93.4314 173.8492 366.6114 108.2682 89.7138 109.5360 109.9577 72.6336 305.9297 0.0000 117.8643 206.1255 236.8437 220.0473 152.7734 169.8774 76.6439 72.9002 87.2428 104.6358 292.5088 94.9533 52.2740 68.3933 113.2219 111.2419 154.1904 123.3380 203.7869 198.7299 61.9686 116.1588 239.5248 328.1798 135.0913 101.7509 72.6868 83.1870 177.4651 281.4636 207.3318 147.8779 80.4615 93.3391 267.2391 62.9358 179.3128 146.6362 162.9014 229.5319 97.1331 307.6449 110.6765 174.0312 124.4183 137.1806 98.7879 119.9826 118.9501 172.8356 143.9730 86.4057 189.6953 96.8599 145.8577 95.5142 219.1569 387.5042 121.5322 119.3906 84.8500 223.1189 190.7403 431.8033 99.3640 85.7219 104.6719 122.7569 144.9291 96.9820 308.2527 98.4072 111.2125 161.7157 115.5049 88.9407 88.5772 124.4610 87.3670 93.8068 180.1646 120.8941 144.2260 197.0022 100.2735 200.9952 126.2659 177.1885 118.9794 120.3707 67.1772 126.2959 305.3200 146.1505 93.1983 163.0427 180.8475 132.8458 94.0390 148.8554 93.5422 100.0519 88.9937 96.8620 99.0056 141.3380 227.0466 97.1753 152.7341 97.8207 99.2840 125.5949 113.6340 171.9881
70.6226 139.1347 170.7964 194.0273 224.9108 99.9199 215.4140 252.5931 92.6380 539.4471 90.9383 244.9178 119.1359 184.5658 159.6460 358.6038 182.2363 102.4545 65.6208 198.4432 80.6908 294.8957 117.8643 0.0000 245.8003 230.8290 203.1934 298.4779 342.8233 94.6833 78.3914 181.1364 215.1893 311.3071 172.6587 108.1711 146.3327 82.7492 262.4567 162.8650 201.4585 343.2379 189.2817 118.8706 200.0161 474.0014 315.8051 177.9836 82.8162 153.2149 145.0573 198.3911 243.1823 203.6562 58.6809 196.1239 122.3897 256.1562 114.4495 179.8584 302.1610 313.0255 219.3760 124.7946 298.3284 255.6003 196.1392 228.2931 290.2759 143.5754 162.2106 79.9368 324.7563 278.1314 112.5976 366.6147 198.2849 343.0661 186.7160 334.8980 375.0112 40.0410 228.4407 102.1119 207.3387 196.0460 444.9497 190.0919 148.2019 147.4791 242.6910 120.9938 169.1232 323.4333 187.8620 172.3677 159.6719 216.1977 137.5569 171.2393 114.5671 186.4186 171.6175 349.8373 44.1628 115.2900 363.7877 221.8310 355.6072 178.9815 180.3856 189.8508 69.7399 130.0150 94.3534 292.6534 141.7206 79.6464 152.9438 373.3082 117.2590 206.9817 142.6140 94.0401 209.5323 126.7360 171.7000 90.8382 140.0484 216.2774 202.1524 153.5948 177.6559 175.5126 271.9354 181.4748 174.8311
203.4462 223.1051 209.6268 119.4646 277.0743 205.2666 282.2184 310.7096 221.4052 531.6476 147.3249 125.2076 160.3129 246.6768 193.2701 365.7328 255.1274 96.0431 187.2091 265.6509 191.0196 298.6996 206.1255 245.8003 0.0000 259.3729 265.6065 344.6726 393.0795 197.3171 196.8520 232.6025 262.2423 240.9366 224.2529 199.3540 245.5352 157.1620 304.0008 116.0577 270.5775 348.2667 179.4452 228.3780 261.2332 509.1856 342.0997 99.8277 156.8456 231.2990 216.1599 87.3677 356.8840 172.3045 196.5206 260.7625 210.5428 274.0482 206.8742 137.8845 355.5427 351.2991 215.9342 227.8413 301.6225 307.2532 81.0330 292.6036 343.5835 212.2300 200.3400 173.7135 374.5677 330.0050 203.6824 338.4832 261.8220 388.6028 245.8616 368.3161 412.8263 248.0545 279.2097 147.6347 243.3553 148.8811 246.0190 264.4919 218.7250 209.5693 299.2412 142.0902 243.9401 176.6905 276.1401 232.9137 125.4944 271.9407 220.9429 259.4282 177.9049 262.7943 211.6196 399.5749 256.2753 171.1653 389.4373 246.6751 388.0072 242.2661 122.2512 261.5464 232.9025 210.1776 171.8031 287.2611 162.8826 191.4664 138.7959 410.6695 161.1248 272.3446 168.8256 196.0626 228.7063 181.5642 239.2172 209.8823 144.8639 220.0177 271.6815 135.5885 251.5979 277.2525 324.8792 258.3937 129.7476
223.2984 239.1603 256.5175 253.9550 301.7070 233.0910 301.9182 330.7394 227.1382 558.3715 192.9867 277.3430 176.0813 267.9921 216.7613 384.9688 262.9510 202.5891 181.5242 290.4662 230.7600 337.9340 236.8437 230.8290 259.3729 0.0000 169.9718 361.9838 406.1265 223.1366 231.3522 260.9169 288.0500 316.6546 267.6930 233.1842 244.3587 134.4352 334.0052 203.0282 289.3966 386.0086 205.2977 217.9038 281.7231 525.1271 358.0381 218.5747 199.1439 253.7673 249.2070 230.3610 336.7429 238.6854 222.8471 273.1732 241.6105 291.6525 225.1954 220.3896 375.7582 376.7584 258.5801 249.4095 115.2149 332.6183 224.2671 305.5449 360.5577 251.0364 250.6791 151.8009 391.3674 354.2431 238.3061 389.2712 292.7019 407.5747 272.4794 387.3076 423.2081 234.2575 321.1833 195.0745 237.7087 212.0653 372.8331 277.3267 253.8072 257.3645 318.5137 202.8129 269.6527 311.4453 284.0724 272.3189 197.6139 303.5357 253.5083 279.3833 219.1955 282.9131 263.3725 411.2185 232.1622 187.7483 423.4270 282.4668 406.1902 261.9786 217.5205 284.9317 221.4413 247.6995 177.2721 187.7390 200.4830 205.7354 217.6153 429.2860 176.9116 295.5557 206.6979 231.0351 268.0840 228.5853 262.9015 233.3137 191.2480 202.1035 292.0530 222.0447 272.4627 252.1633 347.8154 269.2445 218.3692
208.4916 234.2068 257.9705 259.2017 295.5788 212.6520 287.1795 320.3356 208.0219 492.4512 185.8108 292.5317 198.7006 263.6534 210.8652 353.4230 260.3176 209.8191 173.4305 273.7837 202.8200 283.4687 220.0473 203.1934 265.6065 169.9718 0.0000 359.6478 401.3294 208.1656 203.5681 259.7338 286.2524 284.2962 251.3922 217.3029 239.5584 178.8044 325.8446 217.2303 274.3797 391.6870 218.4925 221.9532 275.0422 524.3735 312.2284 229.0580 199.2783 242.7941 237.2168 245.5776 303.9832 231.9936 226.0695 268.6022 225.5921 250.7567 222.0913 231.1108 367.8270 371.2166 220.7340 231.9675 200.9896 324.5627 231.9840 296.3290 351.4159 236.7818 241.6060 179.1138 383.9975 341.7540 217.7421 399.7455 284.3706 400.5991 262.8123 391.3387 367.8624 206.1047 314.5640 202.8238 223.5291 228.7724 392.6162 266.1698 238.4446 240.3911 308.5224 199.9249 256.9346 325.0740 266.0917 258.6643 190.6590 288.0380 238.5142 265.0145 200.6379 269.1615 253.2099 406.7299 201.5371 181.0005 418.8684 286.5971 409.2181 259.5837 234.5315 266.7598 204.6893 236.7475 177.4346 171.1635 218.8820 202.7251 223.8174 426.4619 209.4228 279.1948 221.6340 209.6742 279.7549 223.8228 250.7053 207.6550 208.4076 224.9034 275.1937 228.7363 261.1305 254.6148 335.7238 259.6084 235.7323
190.8847 99.3672 239.2018 244.3635 105.5486 108.7077 131.2546 109.0792 120.4461 608.1073 349.6990 386.0891 315.2492 97.0726 334.9323 460.7912 118.8592 110.2107 307.6657 107.2279 172.2673 415.8126 152.7734 298.4779 344.6726 361.9838 359.6478 0.0000 107.7587 101.0911 195.7276 134.8719 98.5494 404.2745 108.1092 141.7372 91.1208 304.3441 110.0231 314.9329 117.9601 160.9786 345.9374 92.0806 92.5056 215.3489 431.1450 162.1812 289.4817 96.1597 97.3424 336.5243 396.9763 351.8808 320.0665 114.0576 118.4781 388.3792 99.9034 331.1719 133.0573 119.5025 361.7594 225.3569 412.5028 108.4407 329.0162 88.5787 93.3443 89.3981 214.9778 307.2736 145.9053 126.6504 89.0410 194.2462 131.5371 98.0282 94.1806 144.6077 477.2665 317.4849 222.6610 106.9041 359.2123 326.7759 506.0146 91.5476 90.7471 230.9508 126.5716 317.0483 104.6774 414.1335 91.0368 125.9453 326.3982 87.4266 193.2218 106.2302 295.9304 107.1964 90.0644 119.1502 307.6261 317.2241 137.3129 142.2495 117.4545 114.4750 372.9565 93.4990 294.0010 97.2645 311.3089 419.9067 318.1574 208.8272 326.1875 160.3637 312.2017 102.1839 320.2960 238.6911 103.4510 100.5276 215.2127 229.2779 306.4859 362.6140 97.7196 321.1730 90.1204 91.8648 94.7517 105.1625 332.2648
221.7025 109.7189 269.5897 274.6784 111.3565 130.2869 118.5209 105.5671 140.0126 632.4687 406.1970 435.4543 359.5979 114.9721 377.9433 492.8402 121.4740 132.3070 355.5911 113.8062 191.5534 451.8166 169.8774 342.8233 393.0795 406.1265 401.3294 107.7587 0.0000 115.0233 224.9240 127.3447 102.5357 444.8510 114.8336 155.7709 102.8289 349.9973 107.6999 359.8061 134.7984 166.7985 388.4115 113.3174 97.2096 225.3671 465.0800 181.5766 334.3073 106.3585 104.6472 384.4289 434.3463 396.5825 365.2092 114.5138 135.7289 425.7794 116.9613 375.2471 125.0220 122.9606 402.0206 264.0845 448.3858 108.6856 377.7341 103.8225 104.6169 100.1099 254.5512 353.5126 151.4209 133.6657 107.8995 182.9958 137.7253 110.9705 98.3145 143.5781 513.9649 366.5839 243.2566 122.1718 399.2968 374.1322 534.1936 105.4662 104.6743 270.9551 129.8123 361.8250 123.5135 450.7975 102.2945 134.7897 368.0497 95.6308 222.9733 112.6245 337.8888 117.8138 102.6454 115.7744 353.6272 362.0934 131.9398 141.5223 121.7059 131.2994 431.3425 107.1362 337.7882 105.8507 357.6774 459.8590 360.9168 241.9109 369.3676 148.0325 356.7030 103.3916 363.8740 286.2332 102.2599 113.6344 243.4776 272.7793 361.6840 404.4436 98.3301 364.4283 104.6132 109.3732 105.3084 111.9676 375.7980
51.6896 59.5856 101.1305 133.7879 99.3094 54.2700 92.9845 92.9242 60.4753 539.5797 99.0894 230.1390 119.3911 60.6538 159.2774 361.4661 100.3439 55.3486 79.4882 100.3099 46.5924 299.2184 76.6439 94.6833 197.3171 223.1366 208.1656 101.0911 115.0233 0.0000 50.6059 107.4885 89.1387 286.7289 76.3136 64.1255 61.3785 85.9275 91.4155 139.0008 116.3672 173.8139 186.2295 49.0522 83.2244 267.6230 321.2543 130.8886 74.7291 59.2295 64.3424 165.5545 273.5133 195.3819 128.4492 92.5209 44.3269 257.8959 60.0964 163.5503 121.7600 116.4260 218.0750 57.2132 299.6847 81.1714 161.5686 71.1215 95.7005 57.0211 102.8552 93.8137 167.7666 127.9961 42.1040 172.4608 77.6780 98.4794 60.8969 180.8436 383.3021 96.8603 88.3371 58.5695 211.5576 178.2027 445.0612 58.8830 57.4628 70.1085 123.8466 125.3762 76.7764 317.2244 68.2126 65.1707 143.9712 75.3750 55.4169 54.5867 124.4403 65.1071 61.1042 129.3451 101.3384 124.9760 150.9350 116.9454 143.9733 100.6625 155.7781 73.3934 107.9456 48.9264 102.3503 298.1787 132.8171 47.0973 149.5978 165.0701 113.7656 82.9536 136.2884 57.5569 86.7966 47.6711 103.4258 57.6677 113.7201 220.0124 73.9109 141.1089 51.6723 60.0151 82.5420 93.4709 163.8122
39.5687 83.8526 96.9227 131.4460 141.9174 53.4019 134.8849 161.1121 46.7142 540.7904 83.5302 230.5969 112.0907 115.8544 153.4255 361.4220 122.7235 59.6912 59.2141 121.7407 21.7575 297.2345 72.9002 78.3914 196.8520 231.3522 203.5681 195.7276 224.9240 50.6059 0.0000 111.2018 142.4749 285.9408 100.3591 65.6835 92.8456 71.7271 180.6489 134.3353 91.6283 233.9599 184.3196 67.7129 121.7285 196.9369 319.8623 131.7886 58.8430 85.5255 80.9204 163.9800 267.1732 193.0207 121.6323 135.9278 60.5427 255.0409 68.4393 160.6616 171.9472 205.8599 215.1452 41.1380 298.3088 122.5623 158.4565 146.6189 187.6160 78.2096 95.2963 77.0096 159.1006 192.0725 60.3452 226.5096 71.0043 221.7747 102.8491 253.3103 381.5904 72.0305 76.0439 62.5112 206.9433 176.5583 441.6164 119.5275 84.4342 61.4669 166.5017 116.6810 81.6976 313.1163 114.6059 88.5605 140.2976 135.1073 40.1227 66.2112 116.1960 93.4975 109.0185 236.0895 78.1594 114.9687 251.8610 150.1917 240.1571 93.6460 151.4476 119.1387 89.7700 50.9440 90.0626 293.8304 126.4653 36.0869 144.1610 253.7296 107.8708 145.0669 131.0519 34.5986 149.8819 64.5000 63.2914 38.7210 105.8055 215.1468 128.9041 136.2585 108.0748 109.7392 174.1780 143.6534 160.2753
135.4855 90.9992 150.7431 162.5653 112.3585 121.4701 96.3380 115.6705 109.4729 557.8448 192.7910 250.4071 179.4144 115.9905 199.0103 384.7002 114.7072 117.2157 174.0951 110.1501 101.9793 325.6221 87.2428 181.1364 232.6025 260.9169 259.7338 134.8719 127.3447 107.4885 111.2018 0.0000 100.8138 314.7101 95.6727 90.7430 90.0490 150.8372 122.0581 176.3656 114.8745 168.7542 224.4532 94.8168 101.1249 190.7198 349.1506 150.5608 135.3076 86.2919 89.2256 206.2954 335.4412 232.8140 180.8750 89.4339 117.7781 284.8578 89.9510 199.5799 137.3927 136.8720 252.9553 126.9416 324.8310 106.1428 203.7925 113.2353 119.5011 96.3657 144.9586 185.4580 143.2922 153.8089 108.3277 177.9202 119.2509 127.0615 97.4241 185.7058 417.0787 202.4753 143.5956 113.0247 251.4288 212.9482 444.9062 109.4231 107.6482 129.6151 106.2300 176.6032 106.2957 326.0084 111.9946 125.4229 184.3857 106.4057 121.7262 112.4197 180.3637 108.1857 106.6233 139.9823 204.8924 195.3465 147.4676 105.1238 144.5404 132.1652 213.5692 114.7746 205.0956 88.8537 176.0118 343.7339 178.1163 121.0471 194.7288 127.0786 174.5434 111.8157 176.4336 127.1803 99.6388 108.4111 106.2276 130.4934 173.7916 258.6864 98.2498 179.8583 108.0821 127.0972 117.8797 119.5474 200.7083
145.7246 87.2333 183.8390 187.2135 85.9021 113.7604 88.1381 92.2738 111.6966 570.9973 246.2988 290.7667 227.5912 89.1611 250.7077 407.6732 104.8248 109.8251 216.9524 103.1763 123.4908 352.9431 104.6358 215.1893 262.2423 288.0500 286.2524 98.5494 102.5357 89.1387 142.4749 100.8138 0.0000 336.0544 88.0219 106.9388 81.1763 213.3508 91.1300 231.3945 105.8199 160.7444 263.6710 87.9032 85.5426 167.5158 374.7107 140.1046 198.2254 81.2395 84.2209 249.8239 336.1991 268.3144 231.8719 89.9382 109.8647 320.2151 95.9253 249.2160 118.9344 117.3110 287.7245 163.1314 341.0168 92.2909 242.0041 85.9750 97.3731 81.4636 175.7801 219.6498 120.4498 132.1534 95.5083 174.1476 116.3730 106.5219 88.3032 149.6431 428.5101 226.9332 171.1510 108.2274 287.2755 253.6639 446.3332 86.5589 86.8335 175.8328 106.3148 231.2994 102.6705 350.9326 77.4923 117.2469 241.7738 84.9013 145.7884 92.4368 220.7807 98.1475 81.1477 117.2023 221.6315 233.5618 126.7534 114.6184 116.1637 103.2638 269.3416 89.9837 212.7661 85.5966 223.4837 349.7833 230.0699 154.8091 243.5672 129.9355 224.7516 94.1268 233.2768 174.9619 85.9275 89.1944 146.2309 169.2541 234.7446 288.1156 83.2265 234.4094 91.9483 93.3797 90.6360 100.0907 248.5913
